Startup CPU time:        7.116 sec summed across    4 PEs.
         Day, Step number,     CPU time, CPU time change
       0.000,           0,        7.116,        7.116
       1.000,          96,       25.484,       18.368
       2.000,         192,       43.000,       17.516
       3.000,         288,       62.561,       19.561
       4.000,         384,       81.185,       18.624
       5.000,         480,      101.165,       19.980
       6.000,         576,      121.576,       20.411
       7.000,         672,      141.420,       19.844
       8.000,         768,      163.120,       21.700
       9.000,         864,      184.448,       21.328
      10.000,         960,      207.840,       23.392
      11.000,        1056,      231.353,       23.513
      12.000,        1152,      255.088,       23.735
      13.000,        1248,      278.552,       23.464
      14.000,        1344,      301.952,       23.400
      15.000,        1440,      323.292,       21.340
      16.000,        1536,      346.669,       23.377
      17.000,        1632,      370.197,       23.528
      18.000,        1728,      394.485,       24.288
      19.000,        1824,      418.861,       24.376
      20.000,        1920,      442.948,       24.087
      21.000,        2016,      471.840,       28.892
      22.000,        2112,      501.617,       29.777
      23.000,        2208,      529.745,       28.128
      24.000,        2304,      555.828,       26.083
      25.000,        2400,      583.149,       27.321
      26.000,        2496,      611.841,       28.692
      27.000,        2592,      641.144,       29.303
      28.000,        2688,      678.045,       36.901
      29.000,        2784,      713.676,       35.631
      30.000,        2880,      748.861,       35.185
